# random_numbers_FS#
# M e s s w e r t t a b e l l e  der Reihen:
#
# 1024 => gaussian (0.1) [145,145] Werte
# 1024 => gaussian (0.30000000000000004) [145,145] Werte
# 1024 => gaussian (0.5) [145,145] Werte
# 1024 => gaussian (0.0) [145,145] Werte
#
#
s	F(s)	s	F(s)	F(s)	F(s)	
0,6021	-0,6687	0,6021	-0,8514	0,6021	-1,0260	0,6021	-0,5714	
0,6990	-0,5112	0,6990	-0,7101	0,6990	-0,9022	0,6990	-0,4251	
0,7782	-0,4527	0,7782	-0,6455	0,7782	-0,8356	0,7782	-0,3498	
0,8451	-0,4018	0,8451	-0,5722	0,8451	-0,7493	0,8451	-0,2964	
0,9031	-0,3480	0,9031	-0,5471	0,9031	-0,7229	0,9031	-0,2595	
0,9542	-0,3200	0,9542	-0,4899	0,9542	-0,6834	0,9542	-0,2258	
1,0000	-0,2714	1,0000	-0,4628	1,0000	-0,6484	1,0000	-0,1955	
1,0414	-0,2697	1,0414	-0,4359	1,0414	-0,6065	1,0414	-0,1710	
1,0792	-0,2314	1,0792	-0,4089	1,0792	-0,5875	1,0792	-0,1450	
1,1139	-0,2288	1,1139	-0,3908	1,1139	-0,5695	1,1139	-0,1167	
1,1461	-0,1871	1,1461	-0,3695	1,1461	-0,5502	1,1461	-0,1173	
1,1761	-0,1765	1,1761	-0,3717	1,1761	-0,5316	1,1761	-0,0755	
1,2041	-0,1631	1,2041	-0,3444	1,2041	-0,5154	1,2041	-0,0687	
1,2304	-0,1616	1,2304	-0,3432	1,2304	-0,5035	1,2304	-0,0532	
1,2553	-0,1545	1,2553	-0,3167	1,2553	-0,4950	1,2553	-0,0466	
1,2788	-0,1433	1,2788	-0,3090	1,2788	-0,4902	1,2788	-0,0476	
1,3010	-0,1130	1,3010	-0,2946	1,3010	-0,4619	1,3010	-0,0281	
1,3222	-0,1137	1,3222	-0,2802	1,3222	-0,4486	1,3222	0,0087	
1,3424	-0,1223	1,3424	-0,2714	1,3424	-0,4587	1,3424	0,0067	
1,3617	-0,0830	1,3617	-0,2666	1,3617	-0,4620	1,3617	0,0081	
1,3802	-0,0773	1,3802	-0,2548	1,3802	-0,4355	1,3802	0,0108	
1,3979	-0,0748	1,3979	-0,2360	1,3979	-0,4265	1,3979	0,0337	
1,4150	-0,0501	1,4150	-0,2248	1,4150	-0,4107	1,4150	0,0380	
1,4314	-0,0727	1,4314	-0,2177	1,4314	-0,4032	1,4314	0,0562	
1,4472	-0,0441	1,4472	-0,2275	1,4472	-0,3863	1,4472	0,0701	
1,4624	-0,0247	1,4624	-0,2125	1,4624	-0,4018	1,4624	0,0639	
1,4771	-0,0272	1,4771	-0,1933	1,4771	-0,3679	1,4771	0,0803	
1,4914	-0,0500	1,4914	-0,1879	1,4914	-0,3667	1,4914	0,1008	
1,5051	-0,0189	1,5051	-0,1890	1,5051	-0,3593	1,5051	0,0830	
1,5185	-0,0059	1,5185	-0,1718	1,5185	-0,3646	1,5185	0,1216	
1,5315	-0,0127	1,5315	-0,1540	1,5315	-0,3579	1,5315	0,0769	
1,5441	-0,0050	1,5441	-0,1543	1,5441	-0,3199	1,5441	0,1360	
1,5563	0,0071	1,5563	-0,1702	1,5563	-0,3224	1,5563	0,1461	
1,5682	0,0222	1,5682	-0,1358	1,5682	-0,2935	1,5682	0,1349	
1,5798	0,0059	1,5798	-0,1554	1,5798	-0,3159	1,5798	0,1610	
1,5911	0,0283	1,5911	-0,1332	1,5911	-0,3043	1,5911	0,1449	
1,6128	0,0255	1,6128	-0,0875	1,6128	-0,2990	1,6128	0,1585	
1,6232	0,0689	1,6232	-0,1209	1,6232	-0,2704	1,6232	0,2000	
1,6335	0,0545	1,6335	-0,1183	1,6335	-0,2868	1,6335	0,1823	
1,6435	0,0368	1,6435	-0,0988	1,6435	-0,2732	1,6435	0,1922	
1,6628	0,0839	1,6628	-0,0666	1,6628	-0,2217	1,6628	0,1926	
1,6721	0,0945	1,6721	-0,0331	1,6721	-0,2300	1,6721	0,1905	
1,6902	0,0941	1,6902	-0,0337	1,6902	-0,2151	1,6902	0,2233	
1,6990	0,0982	1,6990	-0,0360	1,6990	-0,2693	1,6990	0,2276	
1,7160	0,0894	1,7160	-0,0287	1,7160	-0,2446	1,7160	0,2090	
1,7243	0,1002	1,7243	-0,0162	1,7243	-0,1932	1,7243	0,2196	
1,7404	0,1235	1,7404	0,0127	1,7404	-0,2182	1,7404	0,2336	
1,7482	0,1473	1,7482	0,0154	1,7482	-0,2200	1,7482	0,2407	
1,7634	0,1427	1,7634	-0,0236	1,7634	-0,2002	1,7634	0,2890	
1,7782	0,1599	1,7782	0,0277	1,7782	-0,1976	1,7782	0,2642	
1,7853	0,1404	1,7853	-0,0002	1,7853	-0,2090	1,7853	0,2466	
1,7993	0,1636	1,7993	0,0428	1,7993	-0,1508	1,7993	0,2790	
1,8129	0,1760	1,8129	0,0267	1,8129	-0,1647	1,8129	0,2683	
1,8261	0,1607	1,8261	0,0248	1,8261	-0,1481	1,8261	0,2977	
1,8388	0,1938	1,8388	0,0805	1,8388	-0,1406	1,8388	0,3114	
1,8513	0,2035	1,8513	0,0722	1,8513	-0,1377	1,8513	0,2876	
1,8633	0,1742	1,8633	0,0904	1,8633	-0,1146	1,8633	0,3277	
1,8808	0,1877	1,8808	0,0593	1,8808	-0,0994	1,8808	0,3071	
1,8921	0,2098	1,8921	0,1079	1,8921	-0,1018	1,8921	0,2765	
1,9031	0,1982	1,9031	0,1086	1,9031	-0,1090	1,9031	0,3376	
1,9191	0,2098	1,9191	0,0905	1,9191	-0,1351	1,9191	0,3361	
1,9294	0,2092	1,9294	0,1180	1,9294	-0,0706	1,9294	0,3807	
1,9445	0,2268	1,9445	0,1309	1,9445	-0,1216	1,9445	0,3568	
1,9542	0,2338	1,9542	0,0900	1,9542	-0,1036	1,9542	0,3854	
1,9685	0,2423	1,9685	0,0830	1,9685	-0,0166	1,9685	0,3952	
1,9823	0,2555	1,9823	0,1330	1,9823	-0,0517	1,9823	0,3876	
1,9956	0,2377	1,9956	0,1353	1,9956	-0,0054	1,9956	0,3979	
2,0086	0,2577	2,0086	0,1399	2,0086	0,0154	2,0086	0,4126	
2,0212	0,2750	2,0212	0,1803	2,0212	-0,0035	2,0212	0,3768	
2,0334	0,2536	2,0334	0,1829	2,0334	-0,0332	2,0334	0,4074	
2,0453	0,2259	2,0453	0,1614	2,0453	0,0223	2,0453	0,3860	
2,0569	0,2565	2,0569	0,1374	2,0569	0,0020	2,0569	0,4172	
2,0719	0,2570	2,0719	0,1356	2,0719	-0,0319	2,0719	0,4542	
2,0828	0,2710	2,0828	0,1681	2,0828	0,0095	2,0828	0,4471	
2,0969	0,2840	2,0969	0,1674	2,0969	0,0490	2,0969	0,4183	
2,1106	0,3282	2,1106	0,1587	2,1106	0,0393	2,1106	0,4120	
2,1239	0,2808	2,1239	0,2369	2,1239	0,0949	2,1239	0,4560	
2,1367	0,2965	2,1367	0,2663	2,1367	0,0743	2,1367	0,4725	
2,1492	0,2942	2,1492	0,2548	2,1492	0,0566	2,1492	0,4970	
2,1614	0,2705	2,1614	0,2355	2,1614	0,0481	2,1614	0,4839	
2,1732	0,2800	2,1732	0,2281	2,1732	0,0199	2,1732	0,4935	
2,1875	0,2813	2,1875	0,2261	2,1875	0,1129	2,1875	0,4886	
2,1987	0,2896	2,1987	0,2213	2,1987	0,1313	2,1987	0,4821	
2,2122	0,3295	2,2122	0,2857	2,2122	0,1001	2,2122	0,4941	
2,2253	0,3155	2,2253	0,3102	2,2253	0,1219	2,2253	0,5298	
2,2380	0,3373	2,2380	0,2912	2,2380	0,1658	2,2380	0,4946	
2,2504	0,3289	2,2504	0,2684	2,2504	0,1644	2,2504	0,5026	
2,2648	0,3462	2,2648	0,2339	2,2648	0,1386	2,2648	0,4777	
2,2765	0,3162	2,2765	0,2759	2,2765	0,1196	2,2765	0,4777	
2,2900	0,3384	2,2900	0,2802	2,2900	0,0843	2,2900	0,4558	
2,3032	0,3503	2,3032	0,2779	2,3032	0,1028	2,3032	0,5024	
2,3160	0,3201	2,3160	0,2820	2,3160	0,2027	2,3160	0,5703	
2,3284	0,3474	2,3284	0,2864	2,3284	0,2936	2,3284	0,5749	
2,3404	0,3886	2,3404	0,2792	2,3404	0,3336	2,3404	0,5553	
2,3541	0,3923	2,3541	0,2867	2,3541	0,3140	2,3541	0,5340	
2,3674	0,4048	2,3674	0,3033	2,3674	0,3154	2,3674	0,5490	
2,3802	0,3974	2,3802	0,3401	2,3802	0,3462	2,3802	0,5654	
2,3927	0,4092	2,3927	0,3647	2,3927	0,3768	2,3927	0,5669	
2,4048	0,4203	2,4048	0,3620	2,4048	0,4061	2,4048	0,5683	
2,4183	0,3975	2,4183	0,3681	2,4183	0,4091	2,4183	0,5599	
2,4314	0,4193	2,4314	0,3669	2,4314	0,3704	2,4314	0,5741	
2,4440	0,4043	2,4440	0,3644	2,4440	0,3401	2,4440	0,6020	
2,4564	0,3730	2,4564	0,3673	2,4564	0,3964	2,4564	0,6374	
2,4698	0,3846	2,4698	0,3680	2,4698	0,4807	2,4698	0,6716	
2,4814	0,4431	2,4814	0,3827	2,4814	0,4835	2,4814	0,6741	
2,4955	0,4826	2,4955	0,3842	2,4955	0,4881	2,4955	0,6567	
2,5079	0,4700	2,5079	0,3948	2,5079	0,4962	2,5079	0,6381	
2,5211	0,4531	2,5211	0,3921	2,5211	0,4828	2,5211	0,6345	
2,5340	0,4548	2,5340	0,4156	2,5340	0,5299	2,5340	0,6704	
2,5465	0,4596	2,5465	0,4320	2,5465	0,5241	2,5465	0,6862	
2,5587	0,4694	2,5587	0,4651	2,5587	0,5357	2,5587	0,7108	
2,5717	0,4651	2,5717	0,4730	2,5717	0,5499	2,5717	0,7160	
2,5843	0,4647	2,5843	0,4733	2,5843	0,5624	2,5843	0,7130	
2,5977	0,4730	2,5977	0,4934	2,5977	0,5827	2,5977	0,7145	
2,6107	0,4832	2,6107	0,5226	2,6107	0,5932	2,6107	0,6897	
2,6232	0,4851	2,6232	0,5318	2,6232	0,5905	2,6232	0,6782	
2,6365	0,5211	2,6365	0,5373	2,6365	0,5907	2,6365	0,6921	
2,6493	0,5647	2,6493	0,5507	2,6493	0,6098	2,6493	0,7510	
2,6618	0,6510	2,6618	0,5794	2,6618	0,6239	2,6618	0,7885	
2,6749	0,7127	2,6749	0,5966	2,6749	0,6400	2,6749	0,7958	
2,6875	0,7287	2,6875	0,5900	2,6875	0,6580	2,6875	0,8100	
2,7007	0,7283	2,7007	0,5738	2,7007	0,6610	2,7007	0,8371	
2,7135	0,4950	2,7135	0,6662	2,7135	0,6350	2,7135	0,6461	
2,7259	0,4950	2,7259	0,6639	2,7259	0,6397	2,7259	0,6468	
2,7388	0,5200	2,7388	0,6590	2,7388	0,6482	2,7388	0,6434	
2,7513	0,5441	2,7513	0,6531	2,7513	0,6687	2,7513	0,6623	
2,7642	0,5450	2,7642	0,6468	2,7642	0,7002	2,7642	0,6759	
2,7774	0,5391	2,7774	0,6446	2,7774	0,7216	2,7774	0,6775	
2,7903	0,5348	2,7903	0,6518	2,7903	0,7264	2,7903	0,6796	
2,8028	0,5497	2,8028	0,6651	2,8028	0,7224	2,8028	0,6868	
2,8156	0,5816	2,8156	0,6854	2,8156	0,7194	2,8156	0,6890	
2,8287	0,6440	2,8287	0,6960	2,8287	0,7165	2,8287	0,6898	
2,8414	0,6591	2,8414	0,6967	2,8414	0,7132	2,8414	0,7099	
2,8543	0,6913	2,8543	0,6959	2,8543	0,7148	2,8543	0,7441	
2,8669	0,7173	2,8669	0,6926	2,8669	0,7193	2,8669	0,7852	
2,8802	0,7441	2,8802	0,6985	2,8802	0,7364	2,8802	0,8180	
2,8927	0,7677	2,8927	0,6941	2,8927	0,7624	2,8927	0,8703	
2,9058	0,7817	2,9058	0,6887	2,9058	0,7919	2,9058	0,9270	
2,9186	0,7880	2,9186	0,6827	2,9186	0,8136	2,9186	0,9445	
2,9315	0,7922	2,9315	0,6782	2,9315	0,8198	2,9315	0,9544	
2,9440	0,7864	2,9440	0,6753	2,9440	0,8152	2,9440	0,9501	
2,9571	0,7894	2,9571	0,6729	2,9571	0,8087	2,9571	0,9443	
2,9699	0,8173	2,9699	0,6678	2,9699	0,8030	2,9699	0,9383	
2,9827	0,8548	2,9827	0,6791	2,9827	0,8012	2,9827	0,9330	
2,9956	0,8940	2,9956	0,6954	2,9956	0,8026	2,9956	0,9353	
